image_width: 640
image_height: 480
camera_name: 08144361026320a0
camera_matrix:
  rows: 3
  cols: 3
  data: [1247.226993, 0, 327.231415, 0, 1255.458088, 248.531505, 0, 0, 1]
distortion_model: plumb_bob
distortion_coefficients:
  rows: 1
  cols: 5
  data: [-0.273673, -0.440726, 0.000946, 0.000053, 0]
rectification_matrix:
  rows: 3
  cols: 3
  data: [1, 0, 0, 0, 1, 0, 0, 0, 1]
projection_matrix:
  rows: 3
  cols: 4
  data: [1219.191772, 0, 327.089419, 0, 0, 1239.135498, 248.351257, 0, 0, 0, 1, 0]
